din:   [2 1 2 1 1 2 1 2] 
dout:  [1 1 2 3 1 1 1 2]
 NTRANSAZ 12
 TR/NODI 1.5
[ [0, 0, 5, 0, 0, 0, 0, 0] ,
[5, 0, 0, 0, 0, 0, 0, 0] ,
[0, 0, 0, 0, 14, 0, 0, 10] ,
[0, 0, 0, 0, 0, 8, 6, 2] ,
[0, 0, 11, 0, 0, 0, 0, 0] ,
[10, 0, 0, 0, 0, 0, 0, 0] ,
[0, 0, 0, 0, 0, 3, 0, 0] ,
[0, 14, 0, 2, 0, 0, 0, 0] ]

Valore MPBS vs max: 53  vs  90 con vettore  101001111101
NNODI:  8  NTRANSAZ:  12
TEMPO:  0.20408177375793457 sec

--------------------------------------------------------------------------------------------------

din:   [2 1 2 1 2 2 2] 
dout:  [2 2 1 1 2 3 1]
 NTRANSAZ 12
 TR/NODI 1.7142857142857142
[ [0, 9, 7, 0, 0, 0, 0] ,
[12, 0, 0, 5, 0, 0, 0] ,
[0, 0, 0, 0, 0, 1, 0] ,
[12, 0, 0, 0, 0, 0, 0] ,
[0, 0, 0, 0, 0, 9, 1] ,
[0, 0, 6, 0, 7, 0, 8] ,
[0, 0, 0, 0, 11, 0, 0] ]

Valore MPBS vs max: 70  vs  88 con vettore  110111110111
NNODI:  7  NTRANSAZ:  12
TEMPO:  0.1912078857421875 sec

--------------------------------------------------------------------------------------------------

din:   [2 1 2 1 1 3 2] 
dout:  [2 2 2 1 3 1 1]
 NTRANSAZ 12
 TR/NODI 1.7142857142857142
[ [0, 2, 0, 2, 0, 0, 0] ,
[10, 0, 9, 0, 0, 0, 0] ,
[0, 0, 0, 0, 1, 4, 0] ,
[0, 0, 0, 0, 0, 0, 14] ,
[7, 0, 0, 0, 0, 1, 14] ,
[0, 0, 6, 0, 0, 0, 0] ,
[0, 0, 0, 0, 0, 13, 0] ]

Valore MPBS vs max: 19  vs  83 con vettore  100110010000
NNODI:  7  NTRANSAZ:  12
TEMPO:  0.21024608612060547 sec

--------------------------------------------------------------------------------------------------

din:   [3 1 2 2 2 2] 
dout:  [2 2 2 3 2 1]
 NTRANSAZ 12
 TR/NODI 2.0
[ [0, 0, 0, 0, 12, 13] ,
[0, 0, 8, 3, 0, 0] ,
[0, 0, 0, 0, 2, 10] ,
[13, 5, 11, 0, 0, 0] ,
[1, 0, 0, 2, 0, 0] ,
[15, 0, 0, 0, 0, 0] ]

Valore MPBS vs max: 59  vs  95 con vettore  011111010111
NNODI:  6  NTRANSAZ:  12
TEMPO:  0.17904925346374512 sec