din:   [1 1 2 2 2 3 1 1 1 2] 
dout:  [2 3 1 1 1 2 2 1 1 2]
 NTRANSAZ 16
 TR/NODI 1.6
[ [0, 0, 0, 3, 0, 12, 0, 0, 0, 0] ,
[0, 0, 0, 0, 0, 4, 2, 0, 0, 8] ,
[0, 0, 0, 0, 4, 0, 0, 0, 0, 0] ,
[0, 0, 9, 0, 0, 0, 0, 0, 0, 0] ,
[0, 0, 11, 0, 0, 0, 0, 0, 0, 0] ,
[0, 0, 0, 9, 0, 0, 0, 0, 0, 7] ,
[0, 0, 0, 0, 6, 1, 0, 0, 0, 0] ,
[10, 0, 0, 0, 0, 0, 0, 0, 0, 0] ,
[0, 9, 0, 0, 0, 0, 0, 0, 0, 0] ,
[0, 0, 0, 0, 0, 0, 0, 8, 13, 0] ]

Valore MPBS vs max: 91  vs  116 con vettore  0101110101111111
NNODI:  10  NTRANSAZ:  16
TEMPO:  3.979362964630127 sec

---------------------------------------------------------------------

din:   [1 2 1 3 2 2 2 1 2] 
dout:  [4 2 1 2 2 2 1 1 1]
 NTRANSAZ 16
 TR/NODI 1.7777777777777777
[ [0, 0, 3, 2, 0, 0, 0, 5, 11] ,
[4, 0, 0, 0, 6, 0, 0, 0, 0] ,
[0, 0, 0, 0, 0, 9, 0, 0, 0] ,
[0, 0, 0, 0, 0, 0, 5, 0, 2] ,
[0, 9, 0, 0, 0, 4, 0, 0, 0] ,
[0, 15, 0, 0, 0, 0, 1, 0, 0] ,
[0, 0, 0, 2, 0, 0, 0, 0, 0] ,
[0, 0, 0, 0, 10, 0, 0, 0, 0] ,
[0, 0, 0, 11, 0, 0, 0, 0, 0] ]

Valore MPBS vs max: 56  vs  99 con vettore  1110111101001110
NNODI:  9  NTRANSAZ:  16
TEMPO:  4.119322061538696 sec
FRAC:  6.285586641752161e-05 sec

---------------------------------------------------------------------

din:   [3 2 3 1 1 2 1 2 1] 
dout:  [1 2 2 2 1 3 2 1 2]
 NTRANSAZ 16
 TR/NODI 1.7777777777777777
[ [0, 0, 0, 0, 0, 0, 0, 0, 7] ,
[14, 0, 0, 0, 0, 0, 0, 1, 0] ,
[15, 8, 0, 0, 0, 0, 0, 0, 0] ,
[0, 10, 0, 0, 6, 0, 0, 0, 0] ,
[0, 0, 0, 0, 0, 8, 0, 0, 0] ,
[2, 0, 15, 0, 0, 0, 13, 0, 0] ,
[0, 0, 4, 0, 0, 0, 0, 1, 0] ,
[0, 0, 0, 3, 0, 0, 0, 0, 0] ,
[0, 0, 14, 0, 0, 2, 0, 0, 0] ]

Valore MPBS vs max: 80  vs  123 con vettore  1011101100111110
NNODI:  9  NTRANSAZ:  16
TEMPO:  3.9414236545562744 sec
FRAC:  6.014135215082206e-05 sec

---------------------------------------------------------------------

din:   [1 2 3 3 2 1 2 2] 
dout:  [1 1 2 1 3 3 2 3]
 NTRANSAZ 16
 TR/NODI 2.0
[ [0, 0, 14, 0, 0, 0, 0, 0] ,
[7, 0, 0, 0, 0, 0, 0, 0] ,
[0, 3, 0, 8, 0, 0, 0, 0] ,
[0, 0, 1, 0, 0, 0, 0, 0] ,
[0, 0, 0, 0, 0, 11, 4, 9] ,
[0, 0, 0, 0, 4, 0, 11, 14] ,
[0, 0, 8, 7, 0, 0, 0, 0] ,
[0, 1, 0, 3, 14, 0, 0, 0] ]

Valore MPBS vs max: 86  vs  119 con vettore  1111110110100101
NNODI:  8  NTRANSAZ:  16
TEMPO:  3.525360584259033 sec
FRAC:  5.3792733524460346e-05 sec


