din:   [1 2 3 1 2 1 2 1 1] 
dout:  [3 2 1 2 1 1 2 1 1]
 NTRANSAZ 14
 TR/NODI 1.5555555555555556
[ [0, 0, 6, 3, 0, 0, 3, 0, 0] ,
[0, 0, 0, 0, 0, 2, 0, 2, 0] ,
[5, 0, 0, 0, 0, 0, 0, 0, 0] ,
[0, 0, 0, 0, 8, 0, 5, 0, 0] ,
[0, 0, 12, 0, 0, 0, 0, 0, 0] ,
[0, 8, 0, 0, 0, 0, 0, 0, 0] ,
[0, 0, 0, 0, 9, 0, 0, 0, 5] ,
[0, 13, 0, 0, 0, 0, 0, 0, 0] ,
[0, 0, 5, 0, 0, 0, 0, 0, 0] ]

Valore MPBS vs max: 50  vs  86 con vettore  01110110111000
NNODI:  9  NTRANSAZ:  14
TEMPO:  1.0012173652648926 sec

------------------------------------------------------------------------------------------------------------

din:   [3 2 2 3 1 1 1 1] 
dout:  [2 1 3 2 1 2 1 2]
 NTRANSAZ 14
 TR/NODI 1.75
[ [0, 15, 0, 0, 3, 0, 0, 0] ,
[3, 0, 0, 0, 0, 0, 0, 0] ,
[0, 8, 0, 15, 0, 0, 0, 2] ,
[4, 0, 0, 0, 0, 0, 10, 0] ,
[0, 0, 0, 0, 0, 8, 0, 0] ,
[6, 0, 0, 11, 0, 0, 0, 0] ,
[0, 0, 11, 0, 0, 0, 0, 0] ,
[0, 0, 14, 15, 0, 0, 0, 0] ]

Valore MPBS vs max: 58  vs  125 con vettore  01110011101100
NNODI:  8  NTRANSAZ:  14
TEMPO:  0.966637372970581 sec

------------------------------------------------------------------------------------------------------------

din:   [2 2 3 1 1 3 1 1] 
dout:  [3 1 2 1 1 2 3 1]
 NTRANSAZ 14
 TR/NODI 1.75
[ [0, 0, 0, 14, 0, 4, 7, 0] ,
[7, 0, 0, 0, 0, 0, 0, 0] ,
[0, 14, 0, 0, 0, 6, 0, 0] ,
[0, 0, 6, 0, 0, 0, 0, 0] ,
[0, 0, 1, 0, 0, 0, 0, 0] ,
[0, 0, 11, 0, 0, 0, 0, 13] ,
[0, 2, 0, 0, 15, 15, 0, 0] ,
[3, 0, 0, 0, 0, 0, 0, 0] ]

Valore MPBS vs max: 58  vs  118 con vettore  10011110100000
NNODI:  8  NTRANSAZ:  14
TEMPO:  0.9939906597137451 sec
FRAC:  6.0668375226669014e-05 sec

------------------------------------------------------------------------------------------------------------

din:   [1 4 1 3 1 1 3] 
dout:  [3 1 1 2 3 3 1]
 NTRANSAZ 14
 TR/NODI 2.0
[ [0, 0, 0, 5, 10, 0, 12] ,
[0, 0, 0, 0, 0, 10, 0] ,
[0, 0, 0, 1, 0, 0, 0] ,
[0, 5, 0, 0, 0, 0, 3] ,
[0, 2, 14, 0, 0, 0, 8] ,
[6, 9, 0, 2, 0, 0, 0] ,
[0, 7, 0, 0, 0, 0, 0] ]

Valore MPBS vs max: 57  vs  94 con vettore  01010011011111
NNODI:  7  NTRANSAZ:  14
TEMPO:  0.8344526290893555 sec
FRAC:  5.0930946599692106e-05 sec


