

din:   [1 1 3 1 1 3] 
dout:  [1 1 1 3 3 1]
 NTRANSAZ 10
 TR/NODI 1.6666666666666667
[ [0, 0, 0, 0, 2, 0] ,
[0, 0, 0, 0, 0, 9] ,
[10, 0, 0, 0, 0, 0] ,
[0, 9, 10, 0, 0, 1] ,
[0, 0, 4, 4, 0, 2] ,
[0, 0, 7, 0, 0, 0] ]

Valore MPBS vs max: 46  vs  58 con vettore  1111011101
NNODI:  6  NTRANSAZ:  10
TEMPO:  0.03007984161376953 sec
FRAC:  2.9374845325946808e-05 sec

0 nodi a 5 transaz



din:   [1 1 3 2 1 2] 
dout:  [2 1 2 2 1 2]
 NTRANSAZ 10
 TR/NODI 1.6666666666666667
[ [0, 0, 13, 9, 0, 0] ,
[15, 0, 0, 0, 0, 0] ,
[0, 0, 0, 0, 6, 9] ,
[0, 0, 5, 0, 0, 3] ,
[0, 0, 11, 0, 0, 0] ,
[0, 14, 0, 10, 0, 0] ]

Valore MPBS vs max: 72  vs  95 con vettore  0111111110
NNODI:  6  NTRANSAZ:  10
TEMPO:  0.02806258201599121 sec
FRAC:  2.7404865249991417e-05 sec

1 nodo a 5 transaz
'''
# dslack:  [0 0 3 1 0 1] NSLACK:  5
new_NTR_10_NNODI_6_2 = np.array([ [-1089, -222, 444, 528, 440, -264, 0, -792, 0, 0, 0, 528, 264, 0, 0] ,
[0, -119, 296, 0, 0, 0, 0, 0, 0, -108, 0, 0, 0, 108, 0] ,
[0, 0, -265, 0, 0, 0, 0, 0, 116, 0, 0, 0, 0, 0, 0] ,
[0, 0, 0, -204, -880, 176, 0, 68, 0, 0, 528, 528, 0, 0, 0] ,
[0, 0, 0, 0, -151, 8



din:   [3 1 3 2 1] 
dout:  [2 1 1 3 3]
 NTRANSAZ 10
 TR/NODI 2.0
[ [0, 0, 14, 8, 0] ,
[0, 0, 0, 4, 0] ,
[5, 0, 0, 0, 0] ,
[7, 0, 10, 0, 10] ,
[13, 9, 12, 0, 0] ]

Valore MPBS vs max: 38  vs  92 con vettore  0110101010
NNODI:  5  NTRANSAZ:  10
TEMPO:  0.02800917625427246 sec
FRAC:  2.735271118581295e-05 sec

2 nodi a 5 transaz



din:   [2 1 2 3 2] 
dout:  [2 3 2 2 1]
 NTRANSAZ 10
 TR/NODI 2.0
[ [0, 0, 12, 11, 0] ,
[10, 0, 0, 15, 14] ,
[13, 0, 0, 0, 12] ,
[0, 6, 5, 0, 0] ,
[0, 0, 0, 6, 0] ]

Valore MPBS vs max: 57  vs  104 con vettore  1110010110
NNODI:  5  NTRANSAZ:  10
'''