din:   [1 2 2 1 1 1 1 1 4 1 2 1] 
dout:  [2 2 1 4 2 1 1 1 1 1 1 1]
 NTRANSAZ 18
 TR/NODI 1.5
[ [0, 0, 11, 0, 0, 0, 0, 0, 0, 0, 14, 0] ,
[0, 0, 0, 0, 0, 7, 0, 0, 10, 0, 0, 0] ,
[0, 0, 0, 0, 0, 0, 0, 0, 0, 0, 6, 0] ,
[0, 11, 0, 0, 0, 0, 8, 14, 0, 3, 0, 0] ,
[9, 0, 3, 0, 0, 0, 0, 0, 0, 0, 0, 0] ,
[0, 0, 0, 0, 0, 0, 0, 0, 12, 0, 0, 0] ,
[0, 0, 0, 0, 0, 0, 0, 0, 1, 0, 0, 0] ,
[0, 0, 0, 0, 0, 0, 0, 0, 8, 0, 0, 0] ,
[0, 11, 0, 0, 0, 0, 0, 0, 0, 0, 0, 0] ,
[0, 0, 0, 0, 0, 0, 0, 0, 0, 0, 0, 3] ,
[0, 0, 0, 0, 5, 0, 0, 0, 0, 0, 0, 0] ,
[0, 0, 0, 9, 0, 0, 0, 0, 0, 0, 0, 0] ]

Valore MPBS vs max: 88  vs  145 con vettore  101010101111101111
NNODI:  12  NTRANSAZ:  18
TEMPO:  20.762566566467285 sec
FRAC:  7.92029059084598e-05 sec

---------------------------------------------------------------------------------------------------------

din:   [3 2 2 2 3 1 1 1 1 1 1] 
dout:  [2 1 2 1 1 2 3 1 1 2 2]
 NTRANSAZ 18
 TR/NODI 1.6363636363636365
[ [0, 0, 0, 0, 4, 12, 0, 0, 0, 0, 0] ,
[0, 0, 0, 0, 0, 0, 0, 0, 0, 10, 0] ,
[12, 0, 0, 0, 5, 0, 0, 0, 0, 0, 0] ,
[0, 0, 0, 0, 12, 0, 0, 0, 0, 0, 0] ,
[0, 0, 3, 0, 0, 0, 0, 0, 0, 0, 0] ,
[0, 0, 0, 8, 0, 0, 0, 9, 0, 0, 0] ,
[6, 0, 0, 0, 0, 0, 0, 0, 9, 0, 5] ,
[0, 0, 5, 0, 0, 0, 0, 0, 0, 0, 0] ,
[0, 0, 0, 0, 0, 0, 11, 0, 0, 0, 0] ,
[8, 14, 0, 0, 0, 0, 0, 0, 0, 0, 0] ,
[0, 2, 0, 4, 0, 0, 0, 0, 0, 0, 0] ]

Valore MPBS vs max: 96  vs  139 con vettore  111100101011110110
NNODI:  11  NTRANSAZ:  18
TEMPO:  19.356308937072754 sec
FRAC:  7.383845877484418e-05 sec

---------------------------------------------------------------------------------------------------------

din:   [2 2 2 1 2 3 1 1 2 2] 
dout:  [3 1 2 2 3 1 2 1 2 1]
 NTRANSAZ 18
 TR/NODI 1.8
[ [0, 0, 5, 0, 0, 13, 0, 0, 3, 0] ,
[0, 0, 0, 0, 0, 0, 0, 0, 1, 0] ,
[0, 0, 0, 12, 1, 0, 0, 0, 0, 0] ,
[0, 2, 0, 0, 0, 0, 0, 7, 0, 0] ,
[3, 0, 0, 0, 0, 11, 4, 0, 0, 0] ,
[0, 8, 0, 0, 0, 0, 0, 0, 0, 0] ,
[0, 0, 0, 0, 0, 15, 0, 0, 0, 12] ,
[2, 0, 0, 0, 0, 0, 0, 0, 0, 0] ,
[0, 0, 0, 0, 11, 0, 0, 0, 0, 15] ,
[0, 0, 9, 0, 0, 0, 0, 0, 0, 0] ]

Valore MPBS vs max: 63  vs  134 con vettore  101110011101001100
NNODI:  10  NTRANSAZ:  18
TEMPO:  19.35534429550171 sec

---------------------------------------------------------------------------------------------------------

din:   [3 2 2 1 2 3 2 1 2] 
dout:  [2 1 2 2 2 2 2 2 3]
 NTRANSAZ 18
 TR/NODI 2.0
[ [0, 11, 0, 0, 0, 0, 9, 0, 0] ,
[0, 0, 8, 0, 0, 0, 0, 0, 0] ,
[8, 0, 0, 11, 0, 0, 0, 0, 0] ,
[0, 0, 0, 0, 12, 1, 0, 0, 0] ,
[0, 0, 0, 0, 0, 0, 3, 2, 0] ,
[0, 15, 0, 0, 0, 0, 0, 0, 13] ,
[13, 0, 0, 0, 0, 14, 0, 0, 0] ,
[10, 0, 0, 0, 0, 0, 0, 0, 15] ,
[0, 0, 7, 0, 14, 8, 0, 0, 0] ]

Valore MPBS vs max: 82  vs  174 con vettore  011100000110100101
NNODI:  9  NTRANSAZ:  18
TEMPO:  17.678448915481567 sec

